>RUNX1/MA0002.2	RUNX1/MA0002.2/Jaspar	4.351712
0.1435	0.248	0.348	0.2605
0.117	0.2425	0.2335	0.407
0.0615	0.536	0.0745	0.328
0.0285	0	0.0035	0.968
0	0.0375	0.936	0.0265
0.0435	0.0635	0.035	0.858
0	0	0.9935	0.0065
0.0085	0.021	0.924	0.0465
0.005	0.2	0.1255	0.6695
0.0655	0.2315	0.0405	0.6625
0.25	0.079	0.1445	0.5265
>Arnt/MA0004.1	Arnt/MA0004.1/Jaspar	3.217332
0.2	0.8	0	0
0.95	0	0.05	0
0	1	0	0
0	0	1	0
0	0	0	1
0	0	1	0
>Ahr::Arnt/MA0006.1	Ahr::Arnt/MA0006.1/Jaspar	2.963972
0.125	0.333333333333333	0.0833333333333333	0.458333333333333
0	0	0.958333333333333	0.0416666666666667
0	0.958333333333333	0	0.0416666666666667
0	0	0.958333333333333	0.0416666666666667
0	0	0	1
0	0	1	0
>T/MA0009.2	T/MA0009.2/Jaspar	7.270557
0.00730747611017426	0.0219224283305228	0.00309162450815065	0.967678471051152
0.260763323248778	0.555969280893647	0.153711892017687	0.0295555038398883
0.6934399418499	0.00999454842813011	0.257132473196438	0.0394330365255315
0	0.999620060790274	0	0.000379939209726444
0.96680790960452	0	0.0331920903954802	0
0.0373735642036688	0.875021429795988	0.0190296588376479	0.068575347162695
0.248282630029441	0.481735906662305	0.181768618471268	0.0882128448369861
0.0785758900687071	0.0763272954403498	0.0267332916926921	0.818363522798251
0.801734104046243	0.0233140655105973	0.0946050096339114	0.0803468208092486
0.0902624894157494	0.169686706181202	0.492718035563082	0.247332768839966
0.0785123966942149	0.0159386068476978	0.862337662337662	0.043211334120425
0	0.0272206303724928	0.00186246418338109	0.970916905444126
0.00157068062827225	0	0.998429319371728	0
0.0566292134831461	0.264269662921348	0.00775280898876404	0.671348314606742
0.0361259079903148	0.119806295399516	0.683583535108959	0.160484261501211
0.967524936209696	0.00278357689631176	0.0257480862908838	0.00394340060310833
>PAX5/MA0014.2	PAX5/MA0014.2/Jaspar	6.605591
0.291294642857143	0.254464285714286	0.371651785714286	0.0825892857142857
0.3515625	0.0658482142857143	0.247767857142857	0.334821428571429
0.34375	0.0334821428571429	0.609375	0.0133928571428571
0.2734375	0.165178571428571	0.375	0.186383928571429
0	0.188616071428571	0.5078125	0.303571428571429
0.0435267857142857	0.821428571428571	0	0.135044642857143
0.854910714285714	0.0234375	0.0926339285714286	0.0290178571428571
0.169642857142857	0.181919642857143	0.594866071428571	0.0535714285714286
0.0100446428571429	0.600446428571429	0.0390625	0.350446428571429
0.194196428571429	0.467633928571429	0.328125	0.0100446428571429
0.604910714285714	0.00892857142857143	0.383928571428571	0.00223214285714286
0.599330357142857	0.0189732142857143	0.206473214285714	0.175223214285714
0	0.239955357142857	0.7578125	0.00223214285714286
0.00334821428571429	0.838169642857143	0.0189732142857143	0.139508928571429
0.353794642857143	0.0189732142857143	0.602678571428571	0.0245535714285714
0.170758928571429	0.0457589285714286	0.172991071428571	0.610491071428571
0.251116071428571	0.00669642857142857	0.735491071428571	0.00669642857142857
0.655133928571429	0.0368303571428571	0.247767857142857	0.0602678571428571
0.169642857142857	0.744419642857143	0.0279017857142857	0.0580357142857143
>Cf2/MA0015.1	Cf2/MA0015.1/Jaspar	4.200996
0.3125	0.1625	0.5	0.025
0.0125	0.025	0.0125	0.95
0.925	0.025	0.05	0
0	0.1125	0.05	0.8375
0.975	0.025	0	0
0.0125	0.05	0.0125	0.925
0.5125	0.025	0.45	0.0125
0.025	0.1125	0.0125	0.85
0.6625	0.0375	0.25	0.05
0.15	0.3625	0.1875	0.3
>NR2F1/MA0017.2	NR2F1/MA0017.2/Jaspar	4.996222
0.20430565010211	0.486980939414568	0.139380530973451	0.169332879509871
0.602537523841114	0.140310141802803	0.0956132349282693	0.161539099427813
0.525211477857024	0.0320948747719356	0.403798308177144	0.0388953391938962
0.691462521364043	0	0.308537478635957	0
0	0.00248159483828274	0.997518405161717	0
0	0	1	0
0	0	0	1
0	1	0	0
0.992510288065844	0	0.00748971193415638	0
0.424247450037317	0.253337756032839	0.134173646239323	0.188241147690522
0.267766813168588	0.245957376233519	0.364458081101252	0.121817729496642
0.271664317107555	0.204826270835061	0.3222489426984	0.201260469358985
0.116123625362822	0.0595233228404399	0.753505580311516	0.0708474714852214
>CREB1/MA0018.2	CREB1/MA0018.2/Jaspar	3.7638
0	0.0909090909090909	0.0909090909090909	0.818181818181818
0	0.0909090909090909	0.909090909090909	0
1	0	0	0
0	0.818181818181818	0.181818181818182	0
0.0909090909090909	0	0.909090909090909	0
0	0.272727272727273	0	0.727272727272727
0.181818181818182	0.636363636363636	0.0909090909090909	0.0909090909090909
0.727272727272727	0	0.0909090909090909	0.181818181818182
>Ddit3::Cebpa/MA0019.1	Ddit3::Cebpa/MA0019.1/Jaspar	4.62295
0.358974358974359	0.179487179487179	0.307692307692308	0.153846153846154
0.282051282051282	0.179487179487179	0.358974358974359	0.179487179487179
0.461538461538462	0.0769230769230769	0.384615384615385	0.0769230769230769
0	0.0256410256410256	0	0.974358974358974
0	0	0.974358974358974	0.0256410256410256
0.102564102564103	0.846153846153846	0	0.0512820512820513
0.974358974358974	0.0256410256410256	0	0
0.923076923076923	0.0512820512820513	0.0256410256410256	0
0	0.153846153846154	0	0.846153846153846
0.358974358974359	0.435897435897436	0.128205128205128	0.0769230769230769
0.102564102564103	0.58974358974359	0.230769230769231	0.0769230769230769
0	0.666666666666667	0.153846153846154	0.179487179487179
>NFIL3/MA0025.1	NFIL3/MA0025.1/Jaspar	4.698561
0.0434782608695652	0	0	0.956521739130435
0	0	0.0869565217391304	0.91304347826087
0.956521739130435	0	0	0.0434782608695652
0	0.347826086956522	0	0.652173913043478
0.0869565217391304	0	0.91304347826087	0
0	0	0	1
1	0	0	0
0.956521739130435	0	0.0434782608695652	0
0	0.478260869565217	0.173913043478261	0.347826086956522
0.304347826086957	0.217391304347826	0.304347826086957	0.173913043478261
0.217391304347826	0.217391304347826	0.130434782608696	0.434782608695652
>Eip74EF/MA0026.1	Eip74EF/MA0026.1/Jaspar	3.390728
0.117647058823529	0.705882352941177	0.117647058823529	0.0588235294117647
0.294117647058824	0.705882352941177	0	0
0	0	1	0
0	0	1	0
1	0	0	0
1	0	0	0
0.294117647058824	0.0588235294117647	0.588235294117647	0.0588235294117647
>ELK1/MA0028.2	ELK1/MA0028.2/Jaspar	4.827792
0.681307076776631	0.0409019246214713	0.192744742243508	0.0850462563583901
0.0249702490869547	0.939862119906439	0.030325413435102	0.00484221757150478
0.00776283354236042	0.990507287116724	0.00127578601392553	0.000454093326990442
0	0.000457975312949797	0.998975007632922	0.00056701705412832
8.59014281112424e-05	0.000880489638140234	0.98372167937292	0.0153119295608289
0.993062631430615	0.00505127148958311	0.00134411516031825	0.000541981919483166
0.947110513801303	0.00688514421585858	0.00124056652537992	0.0447637754574589
0.0585881347371693	0.0458642526904697	0.889836434981934	0.00571117759042698
0.0169144123349645	0.11649893823285	0.020736774074416	0.845849875357769
0.289781037832646	0.145676425000546	0.377082105355077	0.187460431811732
>FOXF2/MA0030.1	FOXF2/MA0030.1/Jaspar	5.44201
0.037037037037037	0.37037037037037	0.259259259259259	0.333333333333333
0.37037037037037	0.259259259259259	0.185185185185185	0.185185185185185
0.62962962962963	0.148148148148148	0.0740740740740741	0.148148148148148
0.464285714285714	0.178571428571429	0.178571428571429	0.178571428571429
0.136363636363636	0.5	0.363636363636364	0
0.259259259259259	0	0.740740740740741	0
0	0	0	1
1	0	0	0
1	0	0	0
1	0	0	0
0	0.925925925925926	0	0.0740740740740741
1	0	0	0
0.592592592592593	0.148148148148148	0.0740740740740741	0.185185185185185
0.259259259259259	0.148148148148148	0.222222222222222	0.37037037037037
>FOXC1/MA0032.2	FOXC1/MA0032.2/Jaspar	4.572978
0.329755698660942	0.0394561995297966	0.0155371562915261	0.615250945517735
0.695238557491627	0.0353346600009707	0.202155025967092	0.0672717565403097
0.34438675334875	0.0876128975958811	0.105676512936865	0.462323836118504
0.257363848272939	0.0178003814367451	0.722133926679381	0.00270184361093452
0.108394493420767	0.0717418682416294	0.0169366395969948	0.802926998740609
0.706925357046618	0.289517650229049	0.00113177041228779	0.00242522231204527
0.991154712126086	0.00578964297201673	0	0.00305564490189772
0.983562081072454	0.00297904032343866	0.00750079795722949	0.00595808064687733
0.0064973105394898	0.467699845555733	0.00878734622144113	0.517015497683336
0.966340877018763	0.00141117441070402	0.0226310562901793	0.00961689228035332
0.316819514039898	0.0736503734518294	0.0523305285052472	0.557199584003025
>FOXL1/MA0033.2	FOXL1/MA0033.2/Jaspar	3.428386
0.426109872288668	0.00263531319683762	0.542874518548551	0.0283802959659436
0.00192086054552439	0.0799077986938148	0	0.918171340760661
0.874656907593779	0.114913083257091	0.0104300091491308	0
0.989033726463894	0.00786261121456652	0	0.00310366232153942
0.973127035830619	0.0166938110749186	0.0101791530944625	0
0	0.778870292887029	0	0.221129707112971
0.9853638425067	0.0111317254174397	0	0.00350443207586065
>Gata1/MA0035.3	Gata1/MA0035.3/Jaspar	4.718796
0.113338902812587	0.240657198551935	0.140907825118351	0.505096073517126
0.0281815650236703	0.356780840991367	0.155499860763019	0.459537733221944
0	0.828125870231133	0.0243386243386243	0.147535505430242
0	0.0388192703982178	0	0.961180729601782
0	0	0	1
1	0	0	0
0	0	0	1
0	1	0	0
0.120634920634921	0	0	0.879365079365079
0.139348370927318	0.343414090782512	0.372431077694236	0.144806460595934
0.105040378724589	0.282483987747146	0.0890002784739627	0.523475355054302
>GATA2/MA0036.2	GATA2/MA0036.2/Jaspar	5.098782
0.358219178082192	0.129452054794521	0.172146118721461	0.340182648401826
0.256849315068493	0.175342465753425	0.390182648401826	0.177625570776256
0.355022831050228	0.166438356164384	0.278538812785388	0.2
0.239954337899543	0.11986301369863	0.0974885844748858	0.542694063926941
0.00730593607305936	0.241324200913242	0.174657534246575	0.576712328767123
0.00205479452054795	0.688356164383562	0.208675799086758	0.100913242009132
0	0.0438356164383562	0	0.956164383561644
0.0116438356164384	0	0	0.988356164383562
1	0	0	0
0	0	0	1
0	1	0	0
0.279680365296804	0	0	0.720319634703196
0.0237442922374429	0.40296803652968	0.449086757990868	0.124200913242009
0.28675799086758	0.270547945205479	0.0511415525114155	0.391552511415525
>GATA3/MA0037.2	GATA3/MA0037.2/Jaspar	4.103867
1	0	0	0
0	0	1	0
1	0	0	0
0	0	0	1
1	0	0	0
1	0	0	0
0.278738115816767	0	0.721261884183232	0
0.604148660328436	0.153846153846154	0.242005185825411	0
>Gfi1/MA0038.1	Gfi1/MA0038.1/Jaspar	3.781813
0.169811320754717	0.377358490566038	0.169811320754717	0.283018867924528
0.528301886792453	0.30188679245283	0.132075471698113	0.0377358490566038
1	0	0	0
1	0	0	0
0.0188679245283019	0	0.0188679245283019	0.962264150943396
0.0188679245283019	0.981132075471698	0	0
0.584905660377358	0.132075471698113	0.0377358490566038	0.245283018867925
0.150943396226415	0.528301886792453	0.207547169811321	0.113207547169811
0.358490566037736	0.207547169811321	0.0377358490566038	0.39622641509434
0.132075471698113	0.245283018867925	0.528301886792453	0.0943396226415094
>Klf4/MA0039.2	Klf4/MA0039.2/Jaspar	4.338535
0.338560885608856	0.0186808118081181	0.23570110701107	0.407057195571956
0.0202764976958525	0.00207373271889401	0.976267281105991	0.00138248847926267
0.00322283609576427	0.0029926335174954	0.990791896869245	0.0029926335174954
0.00322061191626409	0.0082815734989648	0.984817115251898	0.00368069933287325
0.0636928029432053	0.441940676017475	0.00252931708438722	0.491837203954932
0.00506445672191529	0.00345303867403315	0.98365561694291	0.00782688766114181
0.009670734515312	0.0184204466958324	0.501726916877734	0.470181901911121
0.0608715702098225	0.0106064099608024	0.899700253631542	0.0288217661978326
0.0283999076425768	0.0300161625490649	0.874855691526206	0.0667282382821519
0.0587419056429232	0.660962072155412	0.0647548566142461	0.215541165587419
>Foxq1/MA0040.1	Foxq1/MA0040.1/Jaspar	4.891531
0.222222222222222	0.222222222222222	0.166666666666667	0.388888888888889
0.722222222222222	0.0555555555555556	0.166666666666667	0.0555555555555556
0.277777777777778	0.111111111111111	0	0.611111111111111
0.166666666666667	0	0	0.833333333333333
0	0	1	0
0	0	0	1
0	0	0	1
0	0	0	1
0.944444444444444	0	0.0555555555555556	0
0	0.0555555555555556	0.222222222222222	0.722222222222222
0.333333333333333	0	0.166666666666667	0.5
>FOXI1/MA0042.2	FOXI1/MA0042.2/Jaspar	3.693398
0.1059670781893	0.00668724279835391	0.887345679012346	0
0.0138473053892216	0.0112275449101796	0.00654940119760479	0.968375748502994
0.899687065368567	0.0938803894297636	0.00643254520166898	0
0.995575221238938	0.00442477876106195	0	0
0.977706404685434	0.00434536179860193	0.00547893444171547	0.012469299074249
0.0253634894991922	0.836025848142165	0.00775444264943457	0.130856219709208
0.992900997697621	0.00230237912509593	0.00479662317728319	0
>Foxa2/MA0047.2	Foxa2/MA0047.2/Jaspar	4.90283
0.00123762376237624	0.00123762376237624	0.00123762376237624	0.996287128712871
0.273176761433869	0.00370828182941904	0.719406674907293	0.00370828182941904
0.00123609394313968	0.00123609394313968	0.00123609394313968	0.996291718170581
0.00123609394313968	0.00370828182941904	0.0444993819530284	0.950556242274413
0.00123304562268804	0.00123304562268804	0.215782983970407	0.781750924784217
0.908641975308642	0.00493827160493827	0.0827160493827161	0.0037037037037037
0.00246913580246914	0.895061728395062	0.00246913580246914	0.1
0.417799752781211	0.0951792336217552	0.00370828182941904	0.483312731767614
0.0618046971569839	0.327564894932015	0.0716934487021014	0.5389369592089
0.516728624535316	0.00743494423791822	0.0297397769516729	0.446096654275093
0.162531017369727	0.0657568238213399	0.598014888337469	0.173697270471464
0.160647571606476	0.242839352428394	0.361145703611457	0.235367372353674
>hb/MA0049.1	hb/MA0049.1/Jaspar	4.090826
0.0625	0.3125	0.5	0.125
0.375	0.5	0.125	0
0.5625	0.1875	0.25	0
0.25	0.1875	0.0625	0.5
0.8125	0.0625	0	0.125
1	0	0	0
1	0	0	0
0.875	0	0.125	0
0.9375	0.0625	0	0
0.5625	0.125	0.125	0.1875
>MEF2A/MA0052.3	MEF2A/MA0052.3/Jaspar	5.581116
0.135731807031889	0.0703188879803761	0.388389206868356	0.405560098119379
0.0473977695167286	0.902416356877323	0.00278810408921933	0.0473977695167286
0	0.00918367346938776	0	0.990816326530612
0.992842535787321	0.00306748466257669	0	0.00408997955010225
0.531346351490236	0	0.00205549845837616	0.466598150051387
0.860815602836879	0.00177304964539007	0	0.13741134751773
0.950097847358121	0	0	0.0499021526418787
0.957593688362919	0.00394477317554241	0	0.0384615384615385
0	0.00205549845837616	0	0.997944501541624
0.996919917864476	0.00205338809034908	0	0.00102669404517454
0.143104943625325	0.00433651344319167	0.842150910667823	0.01040763226366
0.544715447154472	0.332429990966576	0.037037037037037	0.0858175248419151
>MZF1/MA0056.1	MZF1/MA0056.1/Jaspar	2.835267
0.15	0.25	0.2	0.4
0	0	0.95	0.05
0.1	0	0.9	0
0	0	0.95	0.05
0	0	1	0
0.9	0	0.1	0
>MZF1(var.2)/MA0057.1	MZF1(var.2)/MA0057.1/Jaspar	3.832982
0.0625	0.25	0.4375	0.25
0.125	0	0.4375	0.4375
0.9375	0.0625	0	0
0	0	0.6875	0.3125
0	0	0.9375	0.0625
0	0.125	0.875	0
0	0	0.875	0.125
0.1875	0.0625	0.5	0.25
0.625	0	0.25	0.125
0.5	0.125	0.25	0.125
>MAX/MA0058.3	MAX/MA0058.3/Jaspar	4.021007
0.480878289952014	0.226261451214192	0.188308855605642	0.104551403228152
0.278545454545455	0.408581818181818	0.220218181818182	0.0926545454545454
0.00563991323210412	0.994360086767896	0	0
0.982145407798886	0	0.0124267961719754	0.00542779602913869
0	0.96681664791901	0.000984251968503937	0.0321991001124859
0.0452980861902795	0.0053696819496076	0.946716232961586	0.00261599889852678
0.00968556990454801	0.0223189219539584	0.00280741156653565	0.965188096574958
0	0.00389105058365759	0.990920881971466	0.00518806744487678
0.195054545454545	0.356363636363636	0.238254545454545	0.210327272727273
0.163176265270506	0.323589296102385	0.143397324025596	0.369837114601513
>MAX::MYC/MA0059.1	MAX::MYC/MA0059.1/Jaspar	4.955714
0.333333333333333	0.0476190476190476	0.428571428571429	0.19047619047619
0.714285714285714	0.0476190476190476	0.19047619047619	0.0476190476190476
0.0952380952380952	0.428571428571429	0.428571428571429	0.0476190476190476
0.0476190476190476	0.952380952380952	0	0
1	0	0	0
0	0.952380952380952	0	0.0476190476190476
0.0476190476190476	0	0.952380952380952	0
0	0.0476190476190476	0	0.952380952380952
0	0	1	0
0.0476190476190476	0.0476190476190476	0.857142857142857	0.0476190476190476
0.142857142857143	0.238095238095238	0	0.619047619047619
>NFYA/MA0060.2	NFYA/MA0060.2/Jaspar	6.959083
0.536952554744526	0.172787408759124	0.112112226277372	0.178147810218978
0.135378649635036	0.112568430656934	0.52235401459854	0.229698905109489
0.404653284671533	0.257299270072993	0.247262773722628	0.0907846715328467
0.137203467153285	0.339073905109489	0.453695255474453	0.0700273722627737
0.208257299270073	0.267335766423358	0.0356979927007299	0.488708941605839
0.0218978102189781	0.0951186131386861	0.546076642335766	0.336906934306569
0.0270301094890511	0.842153284671533	0.0548585766423358	0.0759580291970803
0.00182481751824818	0.113252737226277	0.0276003649635037	0.857322080291971
0.0253193430656934	0.11610401459854	0.819000912408759	0.0395757299270073
0.975707116788321	0.000228102189781022	0.0171076642335766	0.00695711678832117
0.000570255474452555	0.00593065693430657	0.000912408759124088	0.992586678832117
0.00114051094890511	0.000570255474452555	0.000570255474452555	0.99771897810219
0.00330748175182482	0.00114051094890511	0.994525547445255	0.0010264598540146
0.00136861313868613	0.00798357664233577	0.990305656934307	0.000342153284671533
0.0429972627737226	0.305314781021898	0.00171076642335766	0.649977189781022
0.052463503649635	0.449703467153285	0.213617700729927	0.284215328467153
0.175296532846715	0.476277372262774	0.253991788321168	0.0944343065693431
0.485971715328467	0.12956204379562	0.308736313868613	0.0757299270072993
>Nkx2-5/MA0063.1	Nkx2-5/MA0063.1/Jaspar	2.959417
0.411764705882353	0	0.0588235294117647	0.529411764705882
0	0.235294117647059	0	0.764705882352941
1	0	0	0
1	0	0	0
0	0	0.411764705882353	0.588235294117647
0.235294117647059	0.117647058823529	0	0.647058823529412
0.117647058823529	0.0588235294117647	0.647058823529412	0.176470588235294
>Pax6/MA0069.1	Pax6/MA0069.1/Jaspar	5.780767
0.0465116279069767	0.0930232558139535	0.0930232558139535	0.767441860465116
0.0465116279069767	0.0465116279069767	0	0.906976744186046
0.0930232558139535	0.604651162790698	0.0232558139534884	0.27906976744186
0.906976744186046	0.0465116279069767	0.0232558139534884	0.0232558139534884
0.0697674418604651	0.790697674418605	0.0232558139534884	0.116279069767442
0.0232558139534884	0	0.953488372093023	0.0232558139534884
0.0232558139534884	0.86046511627907	0.0930232558139535	0.0232558139534884
0.488372093023256	0.0465116279069767	0.0465116279069767	0.418604651162791
0.0232558139534884	0.0930232558139535	0.0232558139534884	0.86046511627907
0.0465116279069767	0.325581395348837	0.581395348837209	0.0465116279069767
0.837209302325581	0	0.13953488372093	0.0232558139534884
0.255813953488372	0.255813953488372	0.302325581395349	0.186046511627907
0.0232558139534884	0.116279069767442	0.0697674418604651	0.790697674418605
0.0232558139534884	0	0.395348837209302	0.581395348837209
>PBX1/MA0070.1	PBX1/MA0070.1/Jaspar	5.241021
0.277777777777778	0.333333333333333	0.111111111111111	0.277777777777778
0.166666666666667	0.5	0.166666666666667	0.166666666666667
0.888888888888889	0.0555555555555556	0.0555555555555556	0
0.0555555555555556	0.0555555555555556	0	0.888888888888889
0	1	0	0
0.944444444444444	0.0555555555555556	0	0
0.944444444444444	0	0	0.0555555555555556
0	0	0.0555555555555556	0.944444444444444
0	1	0	0
0.888888888888889	0.0555555555555556	0	0.0555555555555556
0.666666666666667	0	0.0555555555555556	0.277777777777778
0.444444444444444	0.111111111111111	0.111111111111111	0.333333333333333
>RREB1/MA0073.1	RREB1/MA0073.1/Jaspar	8.038893
0.272727272727273	0.727272727272727	0	0
0.0909090909090909	0.909090909090909	0	0
0.272727272727273	0.727272727272727	0	0
0	1	0	0
0.636363636363636	0.363636363636364	0	0
0.818181818181818	0.181818181818182	0	0
0.727272727272727	0.272727272727273	0	0
0.363636363636364	0.545454545454545	0	0.0909090909090909
0	1	0	0
1	0	0	0
0.363636363636364	0.636363636363636	0	0
0.0909090909090909	0.909090909090909	0	0
0.272727272727273	0.727272727272727	0	0
0.363636363636364	0.545454545454545	0.0909090909090909	0
0.181818181818182	0.818181818181818	0	0
0.363636363636364	0.454545454545455	0	0.181818181818182
0.363636363636364	0.454545454545455	0.0909090909090909	0.0909090909090909
0.363636363636364	0.545454545454545	0	0.0909090909090909
0.0909090909090909	0.636363636363636	0.272727272727273	0
0.363636363636364	0.363636363636364	0.181818181818182	0.0909090909090909
>ELK4/MA0076.2	ELK4/MA0076.2/Jaspar	4.67429
0.0869565217391304	0.425444995622994	0.258535161949227	0.229063320688649
0.114093959731544	0.55587977823169	0.166326232856726	0.163700029180041
0.593522030930843	0.0423110592354829	0.302888824044354	0.0612780857893201
0	0.784359498103297	0.00466880653632915	0.210971695360373
0.00233440326816458	0	0	0.997665596731835
0	0	0	1
0	1	0	0
0	1	0	0
0	0	0.850598190837467	0.149401809162533
0	0.146192004668807	0.829588561423986	0.0242194339072075
0.0846221184709659	0.365625911876277	0.194922672891742	0.354829296761015
>SP1/MA0079.3	SP1/MA0079.3/Jaspar	4.853861
0.0981222807419281	0.204488207007099	0.489008472635677	0.208381039615297
0	0.711586901763224	0.0735058392489123	0.214907258987864
0.0113350125944584	0.767460499198534	0	0.221204488207007
0	1	0	0
0	0.991641859400046	0	0.0083581405999542
0.155598809251202	0	0.529425234714907	0.314975956033891
0	1	0	0
0	1	0	0
0	0.764712617357454	0	0.235287382642546
0.120677810854133	0.727845202656286	0	0.151476986489581
0.0746507900160293	0.568926036180444	0.0840393863063888	0.272383787497138
>SPI1/MA0080.4	SPI1/MA0080.4/Jaspar	6.985883
0.644876613825789	0.0907010949501553	0.186631802582121	0.077790488641935
0.911188427028017	0.00476103277787951	0.0690349752792529	0.0150155649148508
0.992146082858826	0.000392695857058708	0.00157078342823483	0.00589043785588062
0.980750534707369	0	0	0.0192494652926308
0.899648863426354	0.000739234891886897	0.00277213084457586	0.0968397708371835
0.00882564841498559	0.0443083573487032	0.946505763688761	0.000360230547550432
0.27212020033389	0.61739262407042	0.110335407497344	0.000151768098345728
0.00543885971492873	0.00018754688672168	0.993998499624906	0.000375093773443361
0	0.00018758206715438	0.999812417932846	0
0.999412685982772	0.000391542678151919	0	0.000195771339075959
0.998635211542211	0.000194969779684149	0.000194969779684149	0.000974848898420745
0	0.0338795801878107	0.965936291658995	0.000184128153194623
0.00414691943127962	0.0136255924170616	0.0023696682464455	0.979857819905213
0.507507507507508	0.0576576576576577	0.146746746746747	0.288088088088088
>SRF/MA0083.3	SRF/MA0083.3/Jaspar	7.312418
0.138242894056848	0.080749354005168	0.0516795865633075	0.729328165374677
0.0430292598967298	0.087205966724039	0.656339644291452	0.21342512908778
0.404777275661717	0.394448030987734	0.0929632020658489	0.1078114912847
0	0.991601343784994	0.0083986562150056	0
0.00164835164835165	0.981868131868132	0.00604395604395604	0.0104395604395604
0.925142392188771	0.0105777054515867	0.0146460537021969	0.0496338486574451
0.0331085223789086	0	0.00367872470876763	0.963212752912324
0.998283261802575	0	0.00171673819742489	0
0.00061576354679803	0.00307881773399015	0.00492610837438424	0.991379310344828
0.98641765704584	0	0	0.0135823429541596
0.287868852459016	0.00786885245901639	0	0.704262295081967
0.00418191322530057	0.00470465237846315	0.991113434396236	0
0.0042350449973531	0.00105876124933827	0.991000529380625	0.00370566437268396
0.152060359837493	0.0609402205455601	0.388856645385955	0.398142774230992
0.213696892834496	0.648700063411541	0.0919467343056436	0.0456563094483196
0.690620272314675	0.0476550680786687	0.0741301059001513	0.187594553706505
>sna/MA0086.1	sna/MA0086.1/Jaspar	3.234633
0	0.975	0.025	0
0.975	0	0	0.025
0.075	0	0.925	0
0.05	0	0.95	0
0	0	0	1
0	0	0.95	0.05
>ZNF143/MA0088.2	ZNF143/MA0088.2/Jaspar	7.277852
0.0427728613569322	0.250245821042281	0.0752212389380531	0.631760078662734
0.587980173482032	0	0.0080545229244114	0.403965303593556
0.0130192188468692	0.985740855548667	0.000619962802231866	0.000619962802231866
0.00124146492861577	0.998758535071384	0	0
0	1	0	0
0.995668316831683	0	0.00247524752475248	0.00185643564356436
0	0.551081730769231	0.0366586538461538	0.412259615384615
0.740846681922197	0.0818077803203661	0.177345537757437	0
0.958536585365854	0	0.0408536585365854	0.000609756097560976
0.00371287128712871	0	0.000618811881188119	0.995668316831683
0.0356065178032589	0.0217260108630054	0.937235968617984	0.00543150271575136
0	1	0	0
0.891459074733096	0.0907473309608541	0.00177935943060498	0.0160142348754448
0.137614678899083	0.425608296769047	0.00598324690865576	0.430793777423215
0.0415986949429038	0.464110929853181	0.00530179445350734	0.488988580750408
0.187163155316022	0.0102890739833415	0.7437530622244	0.0587947084762371
>TAL1::TCF3/MA0091.1	TAL1::TCF3/MA0091.1/Jaspar	4.917918
0.295454545454545	0.318181818181818	0.181818181818182	0.204545454545455
0.204545454545455	0.227272727272727	0.454545454545455	0.113636363636364
0.886363636363636	0	0.0681818181818182	0.0454545454545455
0.454545454545455	0.545454545454545	0	0
0	0.977272727272727	0.0227272727272727	0
1	0	0	0
0	0.0227272727272727	0.25	0.727272727272727
0.272727272727273	0.727272727272727	0	0
0	0	0	1
0	0	0.977272727272727	0.0227272727272727
0	0.0681818181818182	0.454545454545455	0.477272727272727
0.0909090909090909	0.0909090909090909	0.0454545454545455	0.772727272727273
>Hand1::Tcf3/MA0092.1	Hand1::Tcf3/MA0092.1/Jaspar	3.939432
0.137931034482759	0.275862068965517	0.344827586206897	0.241379310344828
0.344827586206897	0	0.517241379310345	0.137931034482759
0.0689655172413793	0.0689655172413793	0.0344827586206897	0.827586206896552
0	0.96551724137931	0	0.0344827586206897
0	0	0	1
0	0	1	0
0	0.103448275862069	0.862068965517241	0.0344827586206897
0.310344827586207	0.482758620689655	0.0344827586206897	0.172413793103448
0.551724137931034	0	0.103448275862069	0.344827586206897
0.172413793103448	0.137931034482759	0.137931034482759	0.551724137931034
>USF1/MA0093.2	USF1/MA0093.2/Jaspar	4.807614
0.287733048331552	0.223488896805605	0.425246407790049	0.0635316470727942
0.0874005462534141	0.442227763923525	0.177116731979575	0.293254957843487
0.00255314095713098	0.997446859042869	0	0
0.984028025175157	0	0	0.0159719748248427
0.011162569766061	0.610319439496497	0.0553378458615366	0.323180144875905
0.0952974706091913	0.0353283458021613	0.869374183588647	0
0	0	0	1
0	0	1	0
0.876499228120176	0	0.0816411352570954	0.0418596366227289
0	0.781736135850849	0	0.218263864149151
0.108122550765942	0.589359933499584	0.0660847880299252	0.236432727704548
>YY1/MA0095.2	YY1/MA0095.2/Jaspar	5.293962
0.157021335936411	0.63910193836285	0.111699902384605	0.0921768233161344
0.972667689304142	0	0.0252405522242365	0.00209175847162181
0.940036257146841	0.0138056059127039	0.037372751359643	0.0087853855808116
0.349463115325617	0.155766280853437	0.457676753590852	0.0370938502300934
1	0	0	0
0	0.00167340677729745	0	0.998326593222703
0.00153395621252266	0	0.998466043787477	0
0.00181285734207224	0	0.998187142657928	0
0.113233858597127	0.786082833635476	0.00529912146144192	0.0953841863059545
0.120903639659741	0.234416399386418	0.385580811602287	0.259099149351555
0.125366057732534	0.122019244177939	0.649142379026635	0.103472319062892
0.185748152280017	0.637010179891229	0.0545251708269418	0.122716497001813
>ETS1/MA0098.3	ETS1/MA0098.3/Jaspar	4.4213
0.710916799152093	0.0556438791732909	0.169581346051934	0.0638579756226815
0.0565681961030798	0.843180389692018	0.0933375235700817	0.00691389063482087
0.136436597110754	0.86131621187801	0.00224719101123596	0
0	0.00776627218934911	0.992233727810651	0
0	0	0.995547309833024	0.00445269016697588
1	0	0	0
0.738711453744493	0.00247797356828194	0.0085352422907489	0.250275330396476
0.405893186003683	0.00773480662983425	0.58195211786372	0.00441988950276243
0.0307426597582038	0.24594127806563	0.042832469775475	0.680483592400691
0.299291837495341	0.149459560193813	0.403652627655609	0.147595974655237
>FOS::JUN/MA0099.2	FOS::JUN/MA0099.2/Jaspar	3.355965
0	0.0555555555555556	0	0.944444444444444
0	0	0.833333333333333	0.166666666666667
0.888888888888889	0.111111111111111	0	0
0.277777777777778	0.666666666666667	0.0555555555555556	0
0.166666666666667	0	0.0555555555555556	0.777777777777778
0	0.833333333333333	0.166666666666667	0
0.888888888888889	0	0.0555555555555556	0.0555555555555556
>CEBPA/MA0102.3	CEBPA/MA0102.3/Jaspar	4.697721
0.675740958349654	0.0869565217391304	0.237302519911216	0
0	0	0	1
0	0	0	1
0.0460242851547199	0	0.737955346650999	0.216020368194281
0	1	0	0
0.780519650084867	0.0831701266483875	0.0695913304608957	0.0667188928058493
0.173651912782348	0.499673586630108	0	0.326674500587544
0.798145972059015	0.201854027940984	0	0
1	0	0	0
0	0.371327849588719	0.1177699438569	0.51090220655438
0.378900639770205	0.323997910954433	0.0581015798407103	0.238999869434652
>ZEB1/MA0103.2	ZEB1/MA0103.2/Jaspar	4.197528
0.240787623066104	0.409282700421941	0.233473980309423	0.116455696202532
0	0.841350210970464	0	0.158649789029536
0.336708860759494	0.0936708860759494	0.121237693389592	0.448382559774965
0	0.891701828410689	0	0.108298171589311
1	0	0	0
0	1	0	0
0	1	0	0
0	0	0	1
0	0	1	0
>Mycn/MA0104.3	Mycn/MA0104.3/Jaspar	3.937224
0.376336421952958	0.104062722736992	0.403421240199572	0.116179615110478
0	0.808980755523877	0.191019244476123	0
0	1	0	0
1	0	0	0
0	1	0	0
0.119743406985032	0	0.880256593014968	0
0	0	0	1
0	0	1	0
>TBP/MA0108.2	TBP/MA0108.2/Jaspar	4.508956
0.15681233933162	0.372750642673522	0.390745501285347	0.0796915167095116
0.0411311053984576	0.118251928020566	0.0462724935732648	0.794344473007712
0.904884318766067	0	0.0051413881748072	0.089974293059126
0.0077120822622108	0.025706940874036	0.0051413881748072	0.961439588688946
0.910025706940874	0	0.012853470437018	0.077120822622108
0.688946015424165	0	0	0.311053984575835
0.925449871465296	0.0077120822622108	0.051413881748072	0.0154241645244216
0.570694087403599	0.0051413881748072	0.113110539845758	0.311053984575835
0.398457583547558	0.113110539845758	0.403598971722365	0.0848329048843188
0.143958868894602	0.347043701799486	0.38560411311054	0.123393316195373
0.213367609254499	0.377892030848329	0.329048843187661	0.0796915167095116
0.210796915167095	0.326478149100257	0.329048843187661	0.133676092544987
0.210796915167095	0.303341902313625	0.329048843187661	0.15681233933162
0.174807197943445	0.275064267352185	0.3573264781491	0.19280205655527
0.197943444730077	0.259640102827764	0.359897172236504	0.182519280205656
>ESR1/MA0112.3	ESR1/MA0112.3/Jaspar	7.602228
0.477366255144033	0.133744855967078	0.207818930041152	0.181069958847737
0.654723127035831	0.00977198697068404	0.335504885993485	0
0	0	0.948249619482496	0.0517503805175038
0.003125	0	0.996875	0
0	0	0.00543478260869565	0.994565217391304
0.0021978021978022	0.993406593406593	0	0.0043956043956044
0.940119760479042	0	0.0598802395209581	0
0.206896551724138	0.647509578544061	0.101532567049808	0.0440613026819923
0.168211920529801	0.295364238410596	0.450331125827815	0.0860927152317881
0.379032258064516	0.141935483870968	0.458064516129032	0.0209677419354839
0	0.0430711610486891	0.00187265917602996	0.955056179775281
0.00315457413249211	0	0.996845425867508	0
0.995943204868154	0.00202839756592292	0.00202839756592292	0
0	0.995670995670996	0.00432900432900433	0
0.0319148936170213	0.968085106382979	0	0
0	0.219325153374233	0.0107361963190184	0.769938650306748
0.0678294573643411	0.131782945736434	0.405038759689922	0.395348837209302
>Hnf4a/MA0114.3	Hnf4a/MA0114.3/Jaspar	7.439341
0.300836550836551	0.0944337194337194	0.52960102960103	0.0751287001287001
0.312909441233141	0.00443159922928709	0.681695568400771	0.000963391136801541
0.00116076610562972	0	0.998645772876765	0.000193461017604953
0.0346015086913742	0.00229583469990161	0.846507051492293	0.116595605116432
0.0249158249158249	0.0111111111111111	0.094949494949495	0.869023569023569
0.000189035916824197	0.975803402646503	0.000945179584120983	0.023062381852552
0.969753898177719	0.000375727972947586	0.0298703738493331	0
0.984738649370469	0	0.0131629149179702	0.00209843571156047
0.990026850786344	0	0.00997314921365554	0
0	0.000193573364305072	0.99922570654278	0.000580720092915215
0	0.000966370313103981	0.00135291843834557	0.99768071124855
0.0202067669172932	0.808583959899749	0.0205200501253133	0.150689223057644
0	0.963599029307448	0.000746686578308755	0.035654284114243
0.8351153629713	0.0065653723504033	0.132995685612455	0.0253235790658413
0.416117783804727	0.214839209608679	0.21716388996513	0.151879116621465
0.197365872554716	0.20608173542514	0.175479372457873	0.42107301956227
>Mafb/MA0117.2	Mafb/MA0117.2/Jaspar	4.702929
0.566651397159872	0.0797068254695373	0.149335776454421	0.20430600091617
0.578826764436297	0.0554537121906508	0.0728689275893676	0.292850595783685
0.494958753437214	0.0989917506874427	0.0834097158570119	0.322639780018332
0.340971585701192	0.182401466544455	0.196608615948671	0.280018331805683
0.0852988691437803	0.19967689822294	0.010016155088853	0.705008077544427
0.000907852927825692	0.00635497049477985	0.99046754425783	0.00226963231956423
0.118521494576135	0.876657292085175	0.00200883889112093	0.0028123744475693
0.013771657041315	0.0159928920479787	0.000888494002665482	0.969346956908041
0.0186721991701245	0.00539419087136929	0.905394190871369	0.0705394190871369
0.980674157303371	0.00584269662921348	0.00764044943820225	0.00584269662921348
0.0582027502398465	0.697793412216182	0.156699712184202	0.0873041253597698
0.26672777268561	0.0632447296058662	0.296058661778185	0.373968835930339
>Macho-1/MA0118.1	Macho-1/MA0118.1/Jaspar	2.954302
0.119047619047619	0.357142857142857	0.142857142857143	0.380952380952381
0.214285714285714	0.0476190476190476	0.547619047619048	0.19047619047619
0	0	1	0
0	0	1	0
0.0714285714285714	0.0952380952380952	0.547619047619048	0.285714285714286
0	0	1	0
0.119047619047619	0.166666666666667	0.357142857142857	0.357142857142857
0.119047619047619	0.333333333333333	0.0952380952380952	0.452380952380952
0.30952380952381	0.333333333333333	0.238095238095238	0.119047619047619
>ovo/MA0126.1	ovo/MA0126.1/Jaspar	3.584134
0.476190476190476	0.19047619047619	0	0.333333333333333
0.0476190476190476	0.19047619047619	0.666666666666667	0.0952380952380952
0.19047619047619	0.0952380952380952	0.0952380952380952	0.619047619047619
0.952380952380952	0	0	0.0476190476190476
1	0	0	0
0	1	0	0
0.333333333333333	0.238095238095238	0.142857142857143	0.285714285714286
0	0	1	0
0.238095238095238	0.19047619047619	0.0952380952380952	0.476190476190476
>ZNF354C/MA0130.1	ZNF354C/MA0130.1/Jaspar	2.820742
0.4375	0.375	0.1875	0
0.1875	0.125	0	0.6875
0	1	0	0
0	1	0	0
1	0	0	0
0	0.9375	0.0625	0
>HINFP/MA0131.2	HINFP/MA0131.2/Jaspar	4.953816
0.0404217926186292	0.597539543057997	0.186291739894552	0.175746924428823
0.489690721649485	0.225085910652921	0.194158075601375	0.0910652920962199
0.497297297297297	0.0810810810810811	0.390990990990991	0.0306306306306306
0.00202839756592292	0.787018255578093	0.196754563894523	0.0141987829614604
0	0.0275590551181102	0.952755905511811	0.0196850393700787
0	0	0	1
0	0.968824940047962	0.0311750599520384	0
0	0.992788461538462	0	0.00721153846153846
0	0.0591603053435115	0.900763358778626	0.0400763358778626
0.00236406619385343	0.933806146572104	0.0354609929078014	0.0283687943262411
0.2	0.129411764705882	0.442352941176471	0.228235294117647
0.182464454976303	0.199052132701422	0.364928909952607	0.253554502369668
>ELF5/MA0136.2	ELF5/MA0136.2/Jaspar	4.301168
0.642211589580011	0.0669856459330144	0.0800106326422116	0.210792131844763
0.228651685393258	0.430337078651685	0.178838951310861	0.162172284644195
0.205496564647096	0.510722465125963	0.263585259212992	0.0201957110139496
0.335095380372328	0.581015858423351	0.0710181567455757	0.0128706044587451
0.000900900900900901	0	0.993093093093093	0.00600600600600601
0.00149476831091181	0	0.991031390134529	0.00747384155455904
0.994106813996317	0.00405156537753223	0.000368324125230203	0.00147329650092081
0.896341463414634	0.0206639566395664	0	0.0829945799457995
0.223281485198194	0.0388861013547416	0.716758655293527	0.0210737581535374
0.12	0.180125786163522	0.0784905660377359	0.621383647798742
0.348094373865699	0.134664246823956	0.276588021778584	0.24065335753176
>REST/MA0138.2	REST/MA0138.2/Jaspar	9.358592
0.132620993086109	0.109365179132621	0.230043997485858	0.527969830295412
0.0363180964308078	0.168440826549781	0.0914214151534126	0.703819661865999
0.047589229805886	0.855353788353162	0.0313087038196619	0.0657482780212899
0.906367041198502	0.0187265917602996	0.0586766541822722	0.0162297128589263
0.0211970074812968	0.027431421446384	0.945137157107232	0.00623441396508728
0.07601246105919	0.609345794392523	0.201246105919003	0.113395638629283
0.980697384806974	0.00435865504358655	0.0074719800747198	0.0074719800747198
0.00186799501867995	0.987546699875467	0.0074719800747198	0.00311332503113325
0.0217932752179328	0.922166874221669	0.012453300124533	0.0435865504358655
0.568847352024922	0.125233644859813	0.100934579439252	0.204984423676012
0.136533665835411	0.233790523690773	0.0773067331670823	0.552369077306733
0.0243142144638404	0.0043640897755611	0.966957605985037	0.0043640897755611
0.0124688279301746	0.00311720698254364	0.983167082294264	0.00124688279301746
0.877105427323768	0.0698689956331878	0.0212102308172177	0.0318153462258266
0.008125	0.8	0.145625	0.04625
0.98375	0.005625	0.004375	0.00625
0.0263488080301129	0.0081555834378921	0.959849435382685	0.00564617314930991
0.128688010043942	0.632140615191463	0.114877589453861	0.124293785310734
0.229899497487437	0.0194723618090452	0.4321608040201	0.318467336683417
0.133962264150943	0.586792452830189	0.20062893081761	0.0786163522012579
0.112578616352201	0.70062893081761	0.0232704402515723	0.163522012578616
>CTCF/MA0139.1	CTCF/MA0139.1/Jaspar	7.24209
0.0952902519167579	0.318729463307777	0.0832420591456736	0.502738225629792
0.182913472070099	0.15881708652793	0.453450164293538	0.204819277108434
0.307776560788609	0.0536692223439211	0.491785323110624	0.146768893756846
0.0613362541073384	0.876232201533406	0.0230010952902519	0.0394304490690033
0.00876232201533406	0.989047097480832	0	0.00219058050383352
0.814895947426068	0.0142387732749179	0.0711938663745893	0.099671412924425
0.0438116100766703	0.578313253012048	0.365826944140197	0.0120481927710843
0.117324561403509	0.474780701754386	0.0526315789473684	0.355263157894737
0.933114035087719	0.0120614035087719	0.0350877192982456	0.0197368421052632
0.00548847420417124	0	0.991218441273326	0.00329308452250274
0.365532381997805	0.00329308452250274	0.621295279912184	0.00987925356750823
0.0592755214050494	0.013172338090011	0.553238199780461	0.374313940724479
0.0131868131868132	0	0.978021978021978	0.00879120879120879
0.0615384615384615	0.00879120879120879	0.851648351648352	0.078021978021978
0.114411441144114	0.806380638063806	0.0055005500550055	0.0737073707370737
0.409240924092409	0.0143014301430143	0.557755775577558	0.0187018701870187
0.0903083700440529	0.530837004405286	0.338105726872247	0.0407488986784141
0.128854625550661	0.354625550660793	0.0803964757709251	0.436123348017621
0.44273127753304	0.199339207048458	0.29295154185022	0.0649779735682819
>GATA1::TAL1/MA0140.2	GATA1::TAL1/MA0140.2/Jaspar	5.732348
0.224823410696266	0.411301715438951	0.195156407669021	0.168718466195762
0.0415741675075681	0.162865792129162	0.0320887991927346	0.763471241170535
0.0641775983854692	0	0	0.935822401614531
1	0	0	0
0	0	0	1
0	1	0	0
0.413521695257316	0.0127144298688194	0.0110998990918264	0.562663975782038
0.132795156407669	0.2686175580222	0.446821392532795	0.151765893037336
0.194349142280525	0.245005045408678	0.251059535822402	0.309586276488396
0.240363269424823	0.22744702320888	0.306760847628658	0.225428859737639
0.35882946518668	0.228052472250252	0.199798183652876	0.213319878910192
0.209485368314833	0.249646821392533	0.345509586276488	0.195358224016145
0.272855701311806	0.230474268415742	0.295862764883956	0.200807265388496
0.380423814328961	0.208476286579213	0.165489404641776	0.24561049445005
0.278708375378406	0.249646821392533	0.380221997981837	0.091422805247225
0.0221997981836529	0.973158425832492	0.00464177598385469	0
0.940262361251261	0	0	0.0597376387487387
